11 10 18 27 17 11 12 24 15 28 23 16 8 3 3 14 8 25 14 15 6 27 2 16 3 16 21 20 20 19 16 12
14 27 28 11 20 6 15 12 5 23 26 4 13 16 14 17 25 26 22 13 13 12 0 24 17 0 9 7 2 5 5 25
23 0 12 19 12 8 6 19 11 20 26 13 19 18 6 3 0 4 3 2 19 2 28 5 3 4 17 3 10 18 26 3
4 8 18 5 19 10 0 23 2 10 2 8 10 24 26 24 20 2 24 13 15 15 14 21 22 17 5 21 21 26 6 0
28 2 4 14 9 19 0 15 25 21 18 25 3 0 11 28 23 1 10 16 26 9 28 27 26 25 5 16 6 18 7 12
21 22 0 3 3 21 21 8 21 19 26 18 28 1 17 24 22 22 19 10 15 25 2 13 4 13 16 13 6 24 11 21
16 2 1 11 28 1 26 28 28 16 17 3 28 22 13 24 24 7 5 14 27 23 20 23 23 5 23 7 10 19 13 18
13 20 26 17 3 7 8 7 6 14 20 3 15 17 16 2 19 23 0 5 1 28 0 13 24 15 11 3 9 0 20 21
16 16 28 26 0 0 21 8 6 10 7 20 8 7 28 28 3 27 14 16 23 13 28 5 6 17 13 18 1 8 13 12
6 20 27 18 28 14 24 5 23 17 0 9 25 9 11 18 18 11 1 21 12 28 26 4 8 18 26 1 24 19 7 13
11 10 18 27 17 11 12 24 15 28 23 16 8 3 3 14 8 25 14 15 6 27 2 16 3 16 21 20 20 19 16 12
14 27 28 11 20 6 15 12 5 23 26 4 13 16 14 17 25 26 22 13 13 12 0 24 17 0 9 7 2 5 5 25
23 0 12 19 12 8 6 19 11 20 26 13 19 18 6 3 0 4 3 2 19 2 28 5 3 4 17 3 10 18 26 3
4 8 18 5 19 10 0 23 2 10 2 8 10 24 26 24 20 2 24 13 15 15 14 21 22 17 5 21 21 26 6 0
28 2 4 14 9 19 0 15 25 21 18 25 3 0 11 28 23 1 10 16 26 9 28 27 26 25 5 16 6 18 7 12
21 22 0 3 3 21 21 8 21 19 26 18 28 1 17 24 22 22 19 10 15 25 2 13 4 13 16 13 6 24 11 21
16 2 1 11 28 1 26 28 28 16 17 3 28 22 13 24 24 7 5 14 27 23 20 23 23 5 23 7 10 19 13 18
13 20 26 17 3 7 8 7 6 14 20 3 15 17 16 2 19 23 0 5 1 28 0 13 24 15 11 3 9 0 20 21
16 16 28 26 0 0 21 8 6 10 7 20 8 7 28 28 3 27 14 16 23 13 28 5 6 17 13 18 1 8 13 12
6 20 27 18 28 14 24 5 23 17 0 9 25 9 11 18 18 11 1 21 12 28 26 4 8 18 26 1 24 19 7 13
