0 1 4 6       9 1 1 1       1 1 4 6         9 1 1 1       0 1 4 6        9 1 1 11     9 1 1 11       13 1 11 1
13 14 16 1    13 1 16 1     1 1 9 11        13 9 6 1      1 1 9 1        13 1 11 1    1 9 9 1        1 1 1 1
0 1 18 20     1 21 1 1      0 1 16 20       1 21 1 1      0 1 18 26      1 25 1 1     0 1 16 23      1 21 1 1
0 1 1 2       14 13 11 9    11 1 11 9       11 1 11 9     11 1 0 9       11 1 11 11   9 9 1 1        1 1 6 4
0 11 13 14    1 14 14 14    14 16 13 14     1 1 0 14      14 13 11 9     1 1 18 1     1 16 14 16     1 1 1 1
0 18 16 14    1 14 14 14    14 16 16 14     1 1 0 14      14 13 11 9     1 1 18 1     1 16 14 16     1 1 1 1
0 16 16 16    18 1 14 14    1 1 0 18        1 1 1 16      16 14 1 1      0 18 18 18   18 16 14 16    1 1 1 1 
23 1 21 14    1 13 1 1      23 1 21 13      1 14 1 1      23 1 21 14     13 1 0 13    13 9 13 14     16 14 1 1
0 11 11 13    15 1 6 1      0 20 20 22      23 1 20 1     1 1 20 22      18 1 11 11   16 15 1 10     11 1 1 1
23 1 25 1     22 1 1 18     20 1 22 23      18 1 11 1     16 1 18 20     18 1 23 1    27 1 25 23     25 1 22 1
0 11 11 13    15 1 18 1     13 1 0 11       13 15 15 13   11 1 0 11      15 1 18 18   16 15 1 10     11 1 1 1
9 11 13 13    14 14 13 14   0 14 13 13      14 13 14 0    14 16 18 1     14 16 18 1   14 16 18 1     1 16 16 1 
14 16 18 1    14 16 18 1    14 16 18 1      1 16 16 1     14 16 18 1     14 16 18 1   14 21 21 1     1 16 18 1 