0 9 9 9 9 11 13 9 1 9 9 9 9 11 9 13 1 1 1 1 1 1 0 9 13 14 13 11 0 13 11 9
0 13 21 20 18 16 18 1 18 1 18 16 13 16 1 1 0 13 13 16 16 13 16 1 16 16 13 16 16 11 21 1
0 0 0 0 21 20 18 16 18 1 18 18 18 16 13 18 16 1 1 1 13 14 16 9 1 1 13 11 1 1 9 9
16 16 16 16 16 18 13 11 9 11 6 9 4 1 1 1 9 1 6 4 9 1 6 4 9 11 13 9 11 1 1 1
16 16 16 18 16 1 21 18 16 16 16 18 16 1 18 23 16 16 16 18 21 1 18 16 13 16 11 13 16 1 1 1
1 1 1 1 1 16 18 20 23 13 16 16 0 18 11 9 11 16 13 0 16 18 20 23 13 16 16 0 18 11 9 0
18 1 18 18 1 1 21 1 20 1 1 20 18 1 18 1 16 1 13 1 16 18 1 9 1 1 1 1 1 1 0 0
1 1 1 1 1 1 9 11 13 13 9 11 1 1 0 13 14 14 13 11 13 1 0 14 16 14 11 18 16 14 14 9
1 1 1 1 1 1 18 20 21 1 25 1 23 1 28 23 26 25 23 25 23 21 18 20 21 1 25 1 23 1 21 1
1 1 1 1 1 1 18 20 21 1 25 1 23 1 21 23 16 1 23 1 21 1 18 20 21 1 25 1 23 1 21 1
6 13 13 11 13 16 13 11 11 13 6 1 1 1 0 0 8 8 8 9 8 2 2 4 6 4 1 1 0 0 0 0
6 13 13 11 13 11 13 16 1 13 1 1 0 11 13 16 16 18 1 1 18 1 1 16 1 18 1 1 1 1 0 0
1 1 1 1 13 1 14 1 16 1 1 1 13 1 14 16 1 1 14 1 13 1 11 13 1 1 1 1 9 1 11 13
13 1 11 1 9 1 8 9 1 1 1 1 9 1 9 16 1 1 1 1 9 1 9 14 1 13 14 13 14 1 16 13
4 9 13 1 1 16 13 1 11 9 9 9 9 6 4 1 4 9 13 1 1 16 16 16 18 16 16 11 11 9 11 1
18 16 13 1 1 16 16 16 18 16 13 11 9 11 6 1 4 6 9 1 1 11 11 1 13 9 1 9 1 1 1 1
13 16 21 1 1 20 20 1 18 16 18 21 13 11 9 1 9 9 9 21 1 18 16 13 11 11 11 1 1 1 1 1
21 21 21 18 28 28 28 1 28 28 28 25 25 21 23 1 21 21 21 18 28 28 28 1 28 28 0 28 25 28 23 1
21 20 21 18 28 28 28 1 28 28 28 28 25 28 23 1 21 23 21 20 21 1 1 1 21 23 25 21 21 20 21 1
1 1 1 1 25 23 21 16 18 1 1 21 20 21 23 20 16 1 1 1 25 23 21 16 18 1 1 28 28 28 25 23
1 9 9 11 13 1 13 13 0 13 11 9 8 1 16 16 0 16 18 20 21 1 13 13 0 21 20 21 20 1 13 16
16 18 21 16 18 18 0 18 16 14 16 13 1 11 9 1 0 9 13 11 11 9 11 16 1 9 1 11 1 1 0 0
16 1 14 13 13 1 16 1 1 6 1 1 1 1 1 1 16 1 14 13 13 1 16 1 1 4 1 1 1 1 1 1
16 1 14 13 13 1 16 1 0 0 6 1 8 1 9 1 9 1 9 11 1 1 9 1 11 1 1 13 1 13 1 1
11 13 1 1 11 13 1 1 13 13 0 9 6 1 1 1 1 1 0 9 11 13 11 13 1 1 13 9 6 1 1 1
9 1 4 1 9 13 1 14 1 1 13 1 11 9 1 1 9 1 4 1 9 11 1 13 1 1 1 1 0 0 0 0
9 1 4 1 9 13 1 1 14 1 13 1 11 9 1 1 18 1 16 1 16 14 1 14 13 1 1 1 1 0 0 0
1 1 18 20 21 1 21 21 1 1 21 1 20 1 1 1 0 0 18 20 20 1 20 20 1 1 25 1 23 21 1 21
11 9 1 8 11 9 9 1 8 6 6 4 6 1 0 6 13 11 11 6 13 11 1 9 8 6 6 4 1 1 0 0
6 8 9 8 9 8 6 1 13 11 1 1 1 1 0 0 6 8 9 8 9 8 6 1 8 2 1 1 1 1 0 0
13 1 11 1 9 1 6 1 9 1 11 1 13 1 16 1 13 1 11 9 9 1 6 1 6 1 4 1 2 1 1 1
1 1 13 11 13 11 11 1 13 1 16 1 18 1 16 1 16 16 1 13 18 16 1 14 16 1 14 1 13 1 1 1
1 1 1 1 1 16 16 9 18 1 16 13 11 11 13 14 16 16 13 11 9 9 11 13 14 13 9 6 9 9 1 1
1 16 18 20 21 20 21 18 18 1 16 14 13 13 13 14 11 16 18 20 21 20 21 18 18 1 18 20 21 21 21 23
23 16 18 20 21 21 20 21 25 28 28 1 25 1 25 23 1 1 18 20 21 1 21 23 21 1 20 21 23 1 21 20
11 1 11 9 13 1 13 1 11 11 11 9 13 1 0 0 11 1 11 9 13 1 13 1 11 11 11 9 13 1 0 0
13 9 11 13 0 9 16 16 1 1 16 13 1 11 9 1 9 6 8 9 0 6 13 13 1 1 13 8 1 6 4 1
9 9 9 11 11 13 13 16 16 18 18 1 1 1 0 0 9 11 11 13 13 16 16 9 13 11 11 1 1 1 1 1
9 11 13 16 1 16 0 13 16 13 18 16 13 16 1 1 0 13 18 18 18 18 18 16 14 16 1 1 1 1 1 1
21 23 25 25 25 25 25 16 16 25 23 23 23 28 28 1 20 20 21 21 21 21 21 13 13 21 20 20 20 25 25 1
2 1 2 4 4 1 1 2 6 6 9 6 1 6 6 4 9 1 9 1 9 6 9 6 4 1 1 1 1 1 1 1
13 13 1 13 13 11 11 1 9 9 1 9 11 9 6 4 4 4 1 4 6 4 11 13 9 1 1 1 1 1 1 1
1 1 1 1 1 25 25 21 18 18 25 21 23 1 1 1 16 16 23 20 21 1 1 1 1 1 1 1 1 1 1 1
18 25 25 25 25 1 1 23 21 23 21 20 18 1 1 1 28 28 28 28 28 1 1 28 25 28 28 26 25 1 1 1
6 6 6 9 11 13 16 13 11 11 4 8 6 1 1 1 9 9 9 6 9 11 13 16 18 16 13 11 13 1 1 1
18 18 18 21 21 18 13 13 16 11 16 16 13 1 1 1 11 11 11 13 16 1 11 1 11 11 18 16 13 1 1 1
21 13 13 21 20 21 18 1 16 11 18 16 13 1 1 1 9 6 6 9 11 1 13 1 20 20 20 18 16 13 13 1
1 2 13 11 9 1 8 6 0 2 13 11 9 9 9 6 0 0 11 9 8 8 8 8 8 8 8 4 11 9 16 13
1 1 11 13 18 1 6 8 0 18 16 14 16 1 8 6 0 0 11 13 14 14 14 4 4 4 13 6 1 1 1 1
18 1 18 1 18 1 14 14 18 25 1 23 1 1 1 1 25 1 1 1 20 1 16 1 21 1 1 1 1 1 1 1
1 1 14 14 14 14 13 13 11 11 11 11 11 11 16 16 11 11 13 13 13 13 13 13 1 1 1 1 1 1 1 1
13 1 16 1 13 1 1 1 13 1 11 9 6 9 1 1 4 1 9 1 11 1 16 1 13 14 1 1 1 1 1 1
1 25 25 25 25 21 23 1 16 1 1 1 1 1 0 0 0 0 21 21 21 18 20 1 1 25 25 20 1 16 16 18
25 21 21 21 21 18 1 18 18 13 1 13 13 25 1 23 23 23 23 23 23 20 1 20 20 16 16 16 16 23 1 21
13 1 13 13 14 1 16 1 13 1 1 11 11 1 1 1 9 1 9 9 11 1 13 1 13 1 1 8 8 1 1 1
6 1 13 1 11 1 1 1 6 1 13 1 11 1 1 1 6 1 13 1 11 1 1 9 1 1 1 1 1 1 1 0
0 13 11 16 1 1 1 1 1 14 13 1 11 1 1 1 1 16 14 13 1 14 16 1 1 13 1 11 1 1 1 13
1 1 16 18 16 16 1 18 16 16 13 13 1 1 1 11 1 1 13 16 13 1 13 16 1 16 18 16 1 13 1 0
0 0 9 21 20 18 20 21 1 21 21 21 18 20 20 18 1 18 18 18 16 11 9 13 16 1 16 16 13 1 13 0
21 20 13 18 16 13 1 0 11 9 6 11 13 6 1 0 21 20 13 18 16 13 16 18 20 18 1 16 13 1 1 0
9 9 9 1 13 16 18 0 18 18 18 1 16 16 13 1 1 1 1 13 14 13 13 1 11 1 9 1 11 1 6 9
11 13 9 9 16 13 9 9 16 13 9 11 13 1 1 11 9 11 1 6 4 13 1 11 11 9 1 1 1 1 1 6
8 9 11 11 13 13 16 16 18 11 1 0 13 16 13 13 11 9 1 0 6 18 16 13 11 1 13 1 1 0 0 0
25 23 25 18 1 25 1 16 18 20 18 21 1 1 1 0 25 23 25 18 1 25 1 16 18 20 28 25 25 1 1 9
9 9 11 11 13 13 16 16 18 18 1 1 1 0 0 9 11 11 13 13 16 16 9 13 11 11 1 1 1 0 0 18
16 13 1 18 16 11 1 11 9 11 1 16 11 13 1 18 16 13 1 18 16 11 1 11 9 11 1 16 11 13 1 6
4 6 1 6 4 6 9 11 13 11 9 6 4 2 1 6 4 6 1 6 4 6 9 11 13 11 9 6 4 16 1 18
1 16 13 16 1 13 11 13 1 16 1 1 13 1 1 11 1 11 9 11 1 11 13 11 1 9 1 18 1 1 1 28
25 28 21 1 1 28 23 1 20 16 20 20 21 1 1 28 25 21 28 1 28 28 28 28 28 28 25 1 23 0 0 0
16 18 21 21 18 23 1 23 20 23 25 25 20 21 1 0 21 20 16 18 18 1 1 18 16 18 13 13 11 13 1 0
16 16 16 25 26 28 25 1 25 23 21 20 28 28 20 1 20 20 20 18 18 28 28 28 1 25 23 26 25 1 0 0
0 16 16 16 25 26 28 25 1 25 23 21 20 28 28 20 1 20 20 18 18 28 28 28 1 25 23 26 25 1 0 0
4 9 11 13 11 13 16 14 1 18 18 16 18 16 11 13 1 11 9 11 13 16 14 13 11 9 8 11 1 9 0 9
8 6 6 8 9 11 1 8 18 4 1 11 1 9 1 0 4 6 1 6 9 8 9 8 16 1 0 0 9 8 25 1
18 1 21 1 25 1 23 1 0 0 23 1 16 1 20 1 23 1 21 1 0 0 25 1 18 1 21 1 25 1 21 21
21 1 9 21 21 21 0 9 21 20 18 16 13 1 13 11 9 18 6 9 11 13 1 4 9 11 13 1 6 9 11 13
9 11 16 16 1 11 13 1 11 9 11 13 1 6 9 1 6 4 9 9 1 11 9 1 6 9 11 11 1 9 11 1
0 16 16 13 16 16 16 13 0 16 16 13 16 16 16 13 0 16 16 13 11 13 6 11 0 11 11 9 11 13 13 13
13 16 23 21 1 1 21 23 25 18 1 1 1 1 0 0 11 18 26 25 1 1 13 23 21 20 1 1 1 1 0 0
