23 24 25 25 25 0 25 0 0 2 1 2 2 0 2 2 25 0 0 28 1 27 28 28 4 2 17 3 1 24 0 2
26 27 28 28 28 0 28 0 2 2 1 2 2 0 2 0 25 0 0 28 1 0 28 28 16 2 17 3 1 24 9 5
26 27 28 28 1 0 28 0 2 2 1 2 2 0 2 0 27 0 0 24 1 25 24 24 16 2 17 3 1 24 9 5
26 27 28 28 1 0 28 0 2 2 1 2 2 0 2 0 25 0 0 28 1 27 28 28 16 2 17 3 1 24 9 5
26 27 28 28 1 0 28 0 2 2 1 2 2 0 2 0 25 0 0 22 1 23 22 22 16 2 17 3 1 24 9 5
26 27 28 28 1 0 28 0 2 2 1 2 2 0 2 0 25 0 0 22 1 23 18 22 16 2 17 3 1 24 9 5
26 27 28 28 1 0 28 0 2 2 1 2 4 0 2 0 25 0 0 22 1 23 22 22 16 2 17 3 1 24 9 5
23 24 25 25 25 0 25 0 2 2 1 2 2 0 2 2 25 0 0 28 1 27 28 28 4 2 17 3 1 24 0 2
26 0 28 28 28 0 28 0 2 2 1 2 2 2 2 2 25 0 0 14 1 23 2 1 16 2 17 3 1 24 2 5
26 27 28 28 28 0 28 0 2 2 1 2 2 0 0 0 25 0 0 28 1 27 28 28 16 2 17 3 1 24 9 5
22 0 1 25 0 1 28 0 0 15 21 6 6 2 22 20 2 0 3 1 27 2 2 26 21 28 1 0 28 10 0 17
22 0 1 28 20 1 1 0 1 15 21 2 6 2 22 20 6 0 3 1 27 2 2 26 21 28 1 0 28 0 0 17
22 0 1 25 0 1 28 0 0 15 21 6 6 2 22 20 6 0 3 1 27 2 2 26 21 28 1 0 28 10 0 17
22 0 1 25 0 1 28 0 0 15 21 6 6 4 22 20 6 0 3 1 27 2 2 26 21 28 1 0 28 10 0 17
22 0 1 0 24 1 28 0 1 15 21 6 6 2 0 20 6 0 3 1 27 2 2 26 21 28 1 0 28 10 0 11
22 0 1 28 20 1 1 0 22 15 21 2 6 2 22 20 6 0 3 1 27 2 2 26 21 28 1 0 28 0 0 17
22 0 1 19 1 1 4 0 22 2 21 6 6 2 22 20 6 0 3 1 27 2 2 26 21 28 1 0 28 2 0 17
22 0 1 28 20 1 4 0 22 15 21 6 0 2 22 20 6 0 3 1 27 2 2 26 21 28 1 0 28 0 0 17
22 0 1 28 20 1 4 0 22 15 21 2 2 2 22 20 6 0 3 1 27 2 2 26 21 28 1 0 28 0 0 17
25 0 1 28 23 1 7 0 22 15 21 6 6 2 1 20 6 0 3 1 27 0 2 26 21 28 1 0 28 0 0 17
10 2 23 2 2 2 7 0 11 2 18 19 11 2 2 4 3 0 0 0 2 2 2 2 0 26 0 0 25 0 0 10
10 2 23 2 2 7 7 0 11 2 18 19 11 2 2 4 3 0 0 2 2 2 2 2 0 26 0 1 27 0 0 28
10 2 23 2 2 7 7 0 12 2 18 19 11 2 2 4 3 0 0 2 2 2 2 2 0 28 0 1 28 0 0 14
10 2 23 2 2 7 7 0 11 2 18 19 23 2 2 4 3 0 0 2 2 2 2 2 0 26 0 1 25 0 0 10
10 2 23 2 2 7 7 0 11 2 18 19 11 2 2 16 3 0 0 2 2 2 2 2 0 26 0 1 25 0 0 10
10 2 23 2 2 7 7 0 11 2 18 19 11 2 2 2 4 0 0 2 2 2 2 2 0 26 0 1 25 0 0 10
10 2 23 2 2 7 7 0 11 2 18 19 12 2 2 4 3 0 0 2 2 2 2 2 0 26 0 1 25 0 0 10
10 2 23 2 2 7 7 0 9 2 16 17 9 2 2 2 3 0 0 2 2 2 2 2 0 26 0 1 25 0 0 10
10 2 23 2 2 7 7 0 12 2 18 19 11 2 2 4 3 0 0 2 2 2 2 2 0 26 0 1 25 0 0 10
10 2 23 2 2 7 7 0 11 2 18 19 11 2 2 4 3 0 0 2 2 2 2 2 0 26 0 1 25 0 0 10
28 3 0 28 3 0 18 2 0 17 0 27 1 0 22 0 17 2 2 19 3 2 13 8 5 5 2 2 15 1 21 9
28 3 0 28 3 0 18 2 0 17 0 27 1 0 22 0 17 2 2 19 3 2 13 8 5 5 2 2 15 22 21 2
28 3 0 28 3 0 18 2 0 20 0 28 1 0 25 0 20 2 2 19 3 2 13 8 5 5 2 2 15 22 21 9
28 3 0 28 3 0 18 2 0 17 0 27 27 0 22 0 17 2 2 19 0 2 13 8 2 2 2 2 0 18 17 5
28 3 0 28 3 0 21 2 0 17 0 27 1 0 22 0 17 2 2 19 3 2 13 8 5 5 2 2 15 22 21 9
26 2 0 26 2 0 16 2 0 17 0 27 1 0 22 0 17 2 2 19 3 2 13 8 5 5 2 2 15 22 21 9
28 3 0 28 3 0 18 2 0 17 0 27 1 0 22 0 16 2 2 18 2 2 12 7 5 5 2 2 15 22 21 9
28 3 0 28 3 0 18 2 0 17 0 27 1 0 22 0 17 2 2 19 3 2 13 8 5 5 2 2 15 22 21 9
28 3 0 28 3 0 18 2 0 17 0 27 1 0 22 0 17 2 2 19 3 2 13 8 5 5 2 2 15 22 14 9
28 3 0 28 3 0 18 6 0 21 0 28 1 0 26 0 21 2 2 19 3 2 13 8 5 5 2 2 15 22 21 9
4 2 2 2 2 0 2 2 0 26 0 28 0 0 28 28 28 28 28 28 28 28 0 0 0 2 2 2 2 2 2 2
4 2 2 2 2 2 2 2 0 1 0 28 0 0 28 28 28 28 28 28 28 0 28 0 0 2 2 2 2 2 2 2
0 2 2 2 2 2 2 2 0 26 0 28 0 0 28 28 28 28 28 28 28 1 28 0 0 2 2 2 2 2 2 2
0 2 2 2 2 2 2 2 0 26 0 28 0 0 28 28 27 27 27 27 27 1 27 0 0 2 2 2 2 2 2 2
16 2 2 2 2 2 2 2 0 26 0 28 0 0 28 28 28 28 28 28 28 0 28 0 0 2 2 2 2 2 2 2
4 2 2 2 2 2 2 2 0 26 0 28 0 0 28 28 28 1 23 0 28 28 28 0 0 2 2 2 2 2 2 2
4 2 2 2 2 0 2 2 0 26 0 24 0 0 24 24 24 28 28 28 28 28 0 0 0 2 2 2 2 2 2 2
4 2 2 2 2 2 2 2 0 26 0 0 0 0 28 28 28 28 28 28 28 28 28 0 0 2 2 2 2 2 2 2
4 2 2 2 2 2 2 2 0 28 0 28 0 0 28 28 28 28 28 28 28 0 28 0 0 2 2 2 2 2 2 2
4 2 2 2 14 2 2 2 0 26 0 28 0 0 28 28 28 28 28 28 28 0 28 0 0 2 2 2 2 2 2 2
